AfsharMahnaz:0.0645161290322581
alimotahari_ir:-0.0256410256410256
azarijahromi:0.168316831683168
BBCBastani:0.0319148936170213
BehnoudMasoud:0.0594059405940594
Eshaq_jahangiri:-0.0416666666666667
HaddadAdel_ir:0.138613861386139
hesamodin1:0.0198019801980198
ir_aref:0.0693069306930693
ir_rezaee:-0.169230769230769
IsraelPersian:-0.032258064516129
Jedaaal:0.0297029702970297
Khamenei_fa:-0.178217821782178
mah_sadeghi:0.168316831683168
MohajeraniSayed:0.0891089108910891
mostafatajzade:-0.257425742574257
Rouhani_ir:-0.207920792079208
t_alidoosti:0.333333333333333
USAdarFarsi:-0.575757575757576
